Generation 0
00001
01111
01111
00001
00001

Generation 1
00101
01000
01000
00101
00000

Generation 2
00000
01100
01100
00000
00000

Generation 3
00000
01100
01100
00000
00000

Generation 4
00000
01100
01100
00000
00000

Generation 5
00000
01100
01100
00000
00000

Generation 6
00000
01100
01100
00000
00000

Generation 7
00000
01100
01100
00000
00000

Generation 8
00000
01100
01100
00000
00000

Generation 9
00000
01100
01100
00000
00000

Generation 10
00000
01100
01100
00000
00000

Generation 11
00000
01100
01100
00000
00000

Generation 12
00000
01100
01100
00000
00000

Generation 13
00000
01100
01100
00000
00000

Generation 14
00000
01100
01100
00000
00000

Generation 15
00000
01100
01100
00000
00000

Generation 16
00000
01100
01100
00000
00000

Generation 17
00000
01100
01100
00000
00000

Generation 18
00000
01100
01100
00000
00000

Generation 19
00000
01100
01100
00000
00000

Generation 20
00000
01100
01100
00000
00000

Generation 21
00000
01100
01100
00000
00000

Generation 22
00000
01100
01100
00000
00000

Generation 23
00000
01100
01100
00000
00000

Generation 24
00000
01100
01100
00000
00000

Generation 25
00000
01100
01100
00000
00000

Generation 26
00000
01100
01100
00000
00000

Generation 27
00000
01100
01100
00000
00000

Generation 28
00000
01100
01100
00000
00000

Generation 29
00000
01100
01100
00000
00000

Generation 30
00000
01100
01100
00000
00000

Generation 31
00000
01100
01100
00000
00000

Generation 32
00000
01100
01100
00000
00000

Generation 33
00000
01100
01100
00000
00000

Generation 34
00000
01100
01100
00000
00000

Generation 35
00000
01100
01100
00000
00000

Generation 36
00000
01100
01100
00000
00000

Generation 37
00000
01100
01100
00000
00000

Generation 38
00000
01100
01100
00000
00000

Generation 39
00000
01100
01100
00000
00000

Generation 40
00000
01100
01100
00000
00000

Generation 41
00000
01100
01100
00000
00000

Generation 42
00000
01100
01100
00000
00000

Generation 43
00000
01100
01100
00000
00000

Generation 44
00000
01100
01100
00000
00000

Generation 45
00000
01100
01100
00000
00000

Generation 46
00000
01100
01100
00000
00000

Generation 47
00000
01100
01100
00000
00000

Generation 48
00000
01100
01100
00000
00000

Generation 49
00000
01100
01100
00000
00000

Generation 50
00000
01100
01100
00000
00000

Generation 51
00000
01100
01100
00000
00000

Generation 52
00000
01100
01100
00000
00000

Generation 53
00000
01100
01100
00000
00000

Generation 54
00000
01100
01100
00000
00000

Generation 55
00000
01100
01100
00000
00000

Generation 56
00000
01100
01100
00000
00000

Generation 57
00000
01100
01100
00000
00000

Generation 58
00000
01100
01100
00000
00000

Generation 59
00000
01100
01100
00000
00000

Generation 60
00000
01100
01100
00000
00000

Generation 61
00000
01100
01100
00000
00000

Generation 62
00000
01100
01100
00000
00000

Generation 63
00000
01100
01100
00000
00000

Generation 64
00000
01100
01100
00000
00000

Generation 65
00000
01100
01100
00000
00000

Generation 66
00000
01100
01100
00000
00000

Generation 67
00000
01100
01100
00000
00000

Generation 68
00000
01100
01100
00000
00000

Generation 69
00000
01100
01100
00000
00000

Generation 70
00000
01100
01100
00000
00000

Generation 71
00000
01100
01100
00000
00000

Generation 72
00000
01100
01100
00000
00000

Generation 73
00000
01100
01100
00000
00000

Generation 74
00000
01100
01100
00000
00000

Generation 75
00000
01100
01100
00000
00000

Generation 76
00000
01100
01100
00000
00000

Generation 77
00000
01100
01100
00000
00000

Generation 78
00000
01100
01100
00000
00000

Generation 79
00000
01100
01100
00000
00000

Generation 80
00000
01100
01100
00000
00000

Generation 81
00000
01100
01100
00000
00000

Generation 82
00000
01100
01100
00000
00000

Generation 83
00000
01100
01100
00000
00000

Generation 84
00000
01100
01100
00000
00000

Generation 85
00000
01100
01100
00000
00000

Generation 86
00000
01100
01100
00000
00000

Generation 87
00000
01100
01100
00000
00000

Generation 88
00000
01100
01100
00000
00000

Generation 89
00000
01100
01100
00000
00000

Generation 90
00000
01100
01100
00000
00000

Generation 91
00000
01100
01100
00000
00000

Generation 92
00000
01100
01100
00000
00000

Generation 93
00000
01100
01100
00000
00000

Generation 94
00000
01100
01100
00000
00000

Generation 95
00000
01100
01100
00000
00000

Generation 96
00000
01100
01100
00000
00000

Generation 97
00000
01100
01100
00000
00000

Generation 98
00000
01100
01100
00000
00000

Generation 99
00000
01100
01100
00000
00000

